853,2,1.194190260882922
854,4,-4.491260302821624
854,7,-2.784108156103966
855,7,3.4964251144134706
856,4,-12.438983433843088
856,6,18.828691236893896
859,8,6.257248948832136
864,0,-4.804515888988771
864,9,12.849142603061923
865,8,-10.678358217032082
870,2,-2.5076650240076033
878,6,-15.010700678978331
881,2,-13.741295721478313
881,4,6.6062947958408795
881,8,-13.997511765657599
882,0,0.9868524647375356
884,2,-3.1800685577312304
886,2,0.1023767241593433
889,9,9.789532251666248
894,1,18.795559594115126
897,8,-2.565810954793251
900,8,2.9776766376820385
901,2,3.3703310605867207
901,7,-1.984207119225285
902,5,0.12487833035569135
903,0,7.728096254697487
910,8,2.1581865333737813
915,9,1.8425052042952057
919,9,-3.0452379255477147
923,9,10.02768898895239
