593,9,-30.24332524641177
595,8,9.928955685414438
596,0,-1.5564439827561536
596,3,8.237845834729498
604,5,4.095686414979661
608,5,-6.380077176165372
611,3,-0.8028214216145166
615,2,4.198633258982415
618,5,13.683066674021907
624,1,-18.96851738901369
625,2,-8.115617824110032
625,4,0.833494524776402
625,5,1.2916343877988246
628,9,-14.126594534507564
629,0,8.573753408470392
631,6,8.177287571302006
632,6,-19.350654263193377
633,6,-13.02250761525347
636,3,19.214163254675906
640,0,-15.632139449763038
643,6,-3.6910135773607387
644,7,-10.713636596419997
645,3,-14.995235802279211
645,8,10.445364663404291
647,6,-1.9946854029792997
648,4,7.164671538176992
651,0,-9.201818660021335
651,1,-10.90266043431821
652,6,-11.05525145878904
654,6,-2.3776186698889497
656,8,5.171040951436999
