249,0,-6.242033139167127
249,1,-5.291652218199473
249,6,2.6588056534465583
250,0,-10.786726464875507
253,3,5.061378979020564
257,5,0.9414127575707163
257,6,8.43066092426077
258,1,5.5256968355134255
260,0,9.844863083286837
261,2,-14.527279899058671
261,3,-10.520198434506092
265,0,-15.427781438577785
269,2,-3.6025631562541367
275,6,-3.9955061241896432
276,4,-0.7657044972713983
277,2,-18.643117930457173
279,3,-21.708612552549738
281,7,24.997268434087015
282,6,-16.096384048938923
285,2,3.675945980275513
288,4,-1.4824317144685764
289,0,2.365293875581696
295,2,-15.109803040871224
298,1,8.049828556691388
299,1,-23.008843335948107
299,8,5.899467397600321
300,3,-10.252557393914683
301,3,-8.209138748947169
302,1,9.548671155107243
302,6,9.768270767794336
