471,9,8.875834765319253
472,2,6.269348115534004
473,9,11.676112104703805
476,7,9.34958401703968
479,1,-5.991663844051675
480,4,-7.77074109748906
480,8,1.9648578998719923
482,6,12.312219929907805
483,9,10.257812676293273
487,9,-6.031673293759859
489,7,0.7015904117728172
491,2,8.289785554058177
496,1,-14.983661572564781
502,7,20.349137090618218
505,8,-9.511112730856242
507,6,-7.997320714977221
508,0,-5.090126617607619
508,3,1.9751101684016752
508,8,2.9983264389056075
510,4,-6.893716806635411
512,9,-0.534837626442005
513,7,3.362692118304052
519,7,-10.753253612694543
520,6,-19.336778477247282
521,2,-7.988219264081082
522,0,6.190324610139649
526,2,-1.4895495604069355
526,4,1.3881426472422254
529,0,3.369200990230468
529,5,4.834363652985115
