529,9,24.691795704582017
531,3,4.635999386291193
532,3,19.192069434103153
538,2,-10.055142888843424
538,6,1.5422601631519788
538,9,1.9225971895329832
542,6,-8.775349018693332
544,8,11.72000969241771
549,7,10.077076114554679
551,0,-8.265094550712178
554,7,-2.995653658073202
556,3,18.699666949015953
557,2,9.05007702155839
557,9,-1.480370227087719
558,1,5.252554437890353
560,5,-10.297856595503736
563,6,-10.581959268332229
564,8,3.7542829287095394
567,2,-11.38139342702054
569,1,-2.76532269221915
570,4,-11.162199397453005
575,2,2.2794289636665535
580,3,3.465133320405767
585,3,-18.185469077499995
586,3,0.9629531453838556
589,7,-13.440483242720457
591,3,5.748312968373829
592,0,-2.2275869030000246
592,5,0.0910243732280413
592,6,11.520665905861154
