66,7,-24.417135298777648
68,8,-5.103284528233098
69,1,1.2473941506974664
70,0,9.213470519829409
70,5,-15.750992534647526
70,7,-7.295281685411561
73,0,12.25274632590212
76,0,2.0645092899604154
80,4,-4.001278491774957
80,8,-2.7076736774617487
82,0,5.534202827631123
84,2,-17.288340237921066
87,5,2.6726241964970576
89,9,-12.143980165126093
90,6,-13.27724045692251
92,5,8.21887885247356
100,1,12.238865043717443
101,1,3.16565570653151
108,7,0.2551383390973534
109,3,-5.991782372262443
110,7,-13.846217903414127
117,0,2.669821805042446
118,3,-5.579435701050963
120,2,21.87827485533608
124,4,-8.359166312817
126,4,-22.950230279640852
127,5,-9.74954409728587
131,0,10.615978259146283
136,6,3.4496765117272603
137,6,-0.7742303135677768
