657,8,2.8078192697317967
658,4,-10.240371951646956
659,0,-2.411326363914185
659,5,-4.1282515827743875
662,0,4.054738721798989
665,7,-4.0669119725450384
671,0,3.691526674530617
674,1,5.677959358996935
674,5,-18.153501420262227
676,0,-7.8795459337807685
680,3,1.6149465089858213
681,3,0.6494559481984103
681,6,-15.387117276289102
683,6,3.328464620943933
688,1,5.082429170152155
688,3,-11.629129592536769
690,1,-10.693277519890179
697,3,-4.1743348070281145
698,0,-11.098698592528834
700,4,17.523425291991302
700,5,-3.5840282738396194
705,7,19.677274162797925
706,0,-3.4908791845164537
707,9,2.5877952258452233
711,9,2.022696483503836
720,7,-6.173616780411794
723,5,-2.0336253327230165
723,7,2.4643461454648836
729,4,-15.883823305077033
732,3,9.40233434456175
