793,2,11.050307709746116
795,0,21.903793483138895
795,4,-13.274271105521166
795,9,-1.6169968448649088
797,3,9.911531722149116
800,6,23.1099901449077
801,0,9.681832689089921
801,9,11.582440702554909
802,5,6.594088595042948
802,6,-8.527254524253822
806,6,-1.965903256043645
807,1,9.91413201859331
810,4,10.133765159783945
812,6,-6.1632252680297075
821,5,6.151369393272503
823,7,-1.1155623052791797
829,1,-3.9239286212374562
831,9,9.029168493815812
833,7,-24.77796020758436
834,8,2.210659925860389
835,9,7.41574533149956
836,4,9.829241032814869
838,0,19.456409131263655
840,3,2.4641972872500544
841,7,-3.6281648872470837
842,3,-14.658085055273439
846,1,-2.6510985735637216
849,3,-10.98163384428103
850,3,3.7694119493617615
851,4,-4.828350742318117
