1,0,3.9263709607127066
2,6,-4.848429009015492
6,9,-17.18652893460814
8,4,10.423955049084393
8,5,-6.176913192466879
9,3,6.217207868419586
10,6,12.333629086734216
11,7,8.233337877642583
12,7,-16.839778625720992
20,1,5.21254739934006
23,1,10.243403731290691
23,5,12.867914599266097
24,1,2.1191063593088764
30,0,-8.994908434759417
30,1,10.133393966032404
32,2,-11.496460922292195
32,5,4.010141573096137
32,8,0.18433233795415171
34,5,10.866555854757856
38,0,0.5144452009315441
40,7,9.599359254997852
41,8,4.169574160558915
46,6,17.953185698923797
47,5,-16.35390639213044
49,1,-1.0231749446395089
50,3,3.3085392123407695
51,1,0.4952855191592761
52,9,-1.899326986377088
60,0,8.208380680087485
61,0,0.7257682915743577
62,9,-8.007827500898424
