305,0,8.462162566458755
305,6,-3.3445914989265892
306,8,10.745647703410304
307,6,21.07268503326255
309,5,-8.892910160227917
309,7,-12.056383242880958
310,9,3.7734299516695424
317,7,-1.5374107194253852
319,2,-4.61577009771439
321,6,11.758170678369584
321,8,-1.9152516263097805
322,5,5.595830758900236
324,0,-1.0610937599122827
324,4,0.6152585800495205
329,9,-12.293515586725043
331,0,-8.644876419511192
332,0,13.71932532071321
335,0,-13.914607523730924
335,7,2.176172216919399
339,5,-6.891809866482154
342,2,-11.78503487239017
350,1,-10.375907563787258
351,3,7.923262888646832
351,9,-14.08599651741407
352,5,5.72601570567724
354,4,-5.8424990613767305
356,3,-5.289636323332067
356,5,9.065957175591809
357,3,7.040925064552344
360,4,-13.707910937630075
362,4,-10.542140584954362
