191,8,0.9685115437646823
196,5,-10.00371045245499
198,6,-4.2432896183691655
200,4,-1.5944802533263378
206,3,6.052168822986973
211,1,-4.3737787113505515
215,7,-5.152228370777746
218,5,-0.2715303860782332
219,2,11.080782606450859
221,1,-9.470726591181538
221,4,-12.308927262594322
222,2,4.485010334074393
223,4,-4.516887870723462
223,5,2.9839743276832946
224,3,9.937352770671316
227,0,-12.710701498852986
230,0,-2.235005908318578
230,2,-11.702357840439081
234,8,-1.4139186237178354
235,4,-4.6350776159229685
236,6,-6.944717219131521
239,6,-14.557010413359649
241,0,-11.758109068293452
242,1,1.4069995055355642
242,4,-1.3615128010464206
243,7,8.713786867491242
244,2,0.06719031650914685
246,6,3.3473824863293036
247,1,-17.867432881951576
248,7,24.03516519048309
