138,2,-9.841519252048691
140,3,-19.74186005438909
143,0,13.047620597627173
143,2,-26.445550545698243
143,5,-1.5978976901302628
145,3,15.19533125372413
154,3,6.658300264272315
155,1,-0.5508809169832362
157,2,12.082135367456972
158,0,3.123490978582347
160,5,-9.266294304575355
163,9,8.282075473293366
164,1,4.542381970922095
166,6,-13.389239756284182
168,2,1.741702147499021
168,4,0.22443467085491636
170,0,6.8252695852863585
170,1,-14.397602364394722
173,7,19.48623050006592
176,4,-22.583679505775088
176,5,-3.6489761242217162
177,4,20.332823435202908
177,6,27.914326729135183
180,9,7.960346725757469
181,0,7.634840405635158
181,3,-1.9728341499129947
182,1,10.069379725687016
188,4,5.875440362597784
189,1,0.7152059407301383
190,0,-3.592248610490527
