415,5,16.591613578916213
415,7,11.421932925757716
418,0,2.421809200234524
418,8,7.685267464471154
418,9,0.8000219640918069
421,3,14.211618914907065
422,8,-5.4593957189948945
423,7,-11.803832152806786
427,8,13.404504597667337
428,1,2.192639519253397
428,8,7.487041961069774
429,8,13.233022964072417
430,3,12.723255549410563
432,0,-0.16885800631147702
437,9,-18.364157583263477
442,5,-0.4222537880347125
443,0,0.6458717141658827
443,8,-21.01018607182685
449,0,-11.836631475897404
450,5,0.3001302158416005
451,5,16.313556561941038
452,7,17.82102143539387
455,5,-16.15551267686908
456,1,7.596554307684639
456,2,15.655165026643607
458,1,-0.10165906620597019
459,5,-10.093180812315898
459,9,-1.2770636715193229
465,2,-7.355207766282501
465,6,12.204373548427265
