929,5,-29.22506555647
931,5,14.484166320158122
932,7,7.951343370087935
938,3,-4.287964862416212
944,7,-6.960649976882309
945,7,-2.8187415960618987
951,3,-19.41374301805396
952,7,-9.205065929403034
955,6,-11.953020988898174
957,4,-18.572631482552985
959,9,10.369038837795872
962,2,-7.310501975075542
963,4,-5.3381166904511765
963,6,15.100097737428456
968,3,-8.775603751472303
968,6,0.8757015438551097
969,6,-25.720880569220252
972,7,3.2351915906817337
975,4,12.824138587725646
978,5,21.463262581277686
978,9,9.7622553055813
980,6,-4.612937518536729
981,3,9.624616959537779
981,6,5.848247954994536
983,9,-18.323280585205566
988,0,-7.761005811357046
989,8,4.49457921185452
993,1,-5.026139550072669
995,3,2.5724577853779893
998,0,-2.1214927685739235
