732,5,5.596977288031551
733,2,-13.967765778007877
733,7,4.186694439373147
738,7,17.818618682170683
739,3,3.018136714624449
742,6,-0.13110535594416287
746,0,-7.0709280993940276
746,1,-0.7507571020695708
746,3,-1.476497219286061
746,8,3.9820708569216094
749,4,15.97288925084264
749,8,-11.572841392677658
755,2,-8.926070195953704
757,1,3.615040433579944
757,4,-6.10608809921878
760,0,16.314751415632088
762,4,-11.054632729902202
763,5,2.2306271198661003
764,6,1.756066845611083
767,2,-10.561752367193389
767,4,15.95049680349356
770,2,6.335477635725525
772,4,-3.191316869437766
772,7,-0.3187735765086488
775,5,-0.17468604160645018
783,0,-13.526848064047892
784,2,16.76734407298354
789,0,-6.423541217603011
789,8,11.967108363824623
792,4,-9.656063034893116
