363,5,-11.98726635418279
363,8,3.69607137159674
365,1,-4.48005217212936
367,2,-18.076457451072216
372,4,-10.417049575323542
373,2,-0.471205340434864
373,6,-11.209925842155288
373,8,2.5049574369270915
374,0,11.514763025580868
374,5,-12.480229314184573
375,1,-3.475719373043409
376,2,9.503530724569133
379,3,-2.1410276333192906
380,0,-6.132069048562766
381,5,-3.0265264620280954
381,6,-5.347494466985494
387,5,-1.3671683437192983
387,7,-10.578600752648468
388,3,17.417870835714112
389,2,-4.871399693177676
390,6,-9.785743516231229
393,7,-8.628858711464641
396,6,-3.596864635819867
401,7,7.365232111045707
403,9,21.235811816505688
404,8,-9.4419771196097
408,0,13.836450369275147
409,1,-17.049737133107413
412,2,18.08324471937391
415,2,-12.414836733579603
