448,332.1347429375378
449,344.716346202611
450,1280.569991593265
451,888.4049319454714
452,-69.03008885872256
453,2.377105089869872
454,374.4341647483923
455,-1120.8327205629246
456,-1263.8014523500099
457,297.72279946128117
458,1164.833224715073
459,1055.3363152360148
460,426.62887214707456
461,442.7663793578542
462,46.710861668413685
463,-988.238142874228
464,-343.7870941058575
465,588.9071939911703
466,-626.8017674684306
467,-1232.0640071636333
468,719.3245747828231
469,-96.97886647465754
470,-961.9911432348703
471,-22.57100194057182
472,-141.66287400130534
473,1324.976025895891
474,421.0379865099624
475,-1495.9927204816854
476,-254.65963848924827
477,165.7804041263871
478,347.8064927372496
479,982.6286780552598
480,-896.4067537064518
481,-386.9319352454427
482,861.3426999828523
483,-545.5731450487837
484,736.0485390567251
485,672.9759191186082
486,-726.2082630865507
487,-643.8242934766122
488,148.40993244658844
489,464.7659390239318
490,126.45891588031223
491,-394.1394003572964
492,-579.3446907368057
493,-623.6643337276894
494,336.5910494008384
495,682.9949272915287
496,1270.2175527566515
497,-555.1453877429335
498,117.27434160890823
499,600.8265611518378
500,-15.48611399887713
501,-17.10404554777608
502,322.31629387662906
503,561.3101154258679
504,422.9850643953882
505,-435.69986001551115
506,462.2800246001261
507,-625.9573367737893
508,535.8777844249063
509,-605.7633948949745
510,-187.0815697981231
511,2696.8080099527388
512,-1094.89309624253
513,242.85592075047066
514,420.9144726051268
515,280.69128772314855
516,2006.7662844458137
517,-1613.1686884218761
518,473.90452470488947
519,-290.77073940161426
520,2341.484684705254
521,-86.43076450323082
522,-1095.041226588093
523,1132.095218431528
524,-520.1903233307629
525,1078.5505065937418
526,-267.3065005740382
527,-876.1690209834403
528,1028.8555537730517
529,1316.6884817368095
530,128.37436099418326
531,349.5742124934457
532,-345.5288838208215
533,-1213.3381583731152
534,1228.6165032217414
535,-909.0584953152096
536,11.924876105210501
537,-460.09367652888636
538,1099.175479640132
539,602.1715502497557
540,681.6082989171764
541,-1073.9900520085139
542,-367.6689568103536
543,-920.4571759764827
544,836.6855922237183
545,-1326.7170279262211
546,-360.92017026272026
547,-922.5303318803603
548,-89.81470452095125
549,-403.9990460290669
550,-927.9239474541037
551,-223.09020463154434
552,-235.79607820131065
553,394.86382913346944
554,140.03310906002787
555,-334.6447357082572
556,-443.068148104035
557,-202.32402294922514
558,-777.6392573792606
559,-685.4559269897392
560,-476.95979603656025
561,-1960.0389091306943
562,378.878041852329
563,-6.222762007556838
564,1023.6882607865807
565,-442.3231815937573
566,497.3107434270572
567,365.20832794705325
568,103.41976168592984
569,-513.4741951170954
570,91.32338920017516
571,-725.153460783459
572,706.3086427086561
573,-310.95732469656485
574,735.3755496488247
575,525.9752757059739
576,-818.4382742548501
577,468.7240194813803
578,18.035762249313564
579,456.11024486088286
580,609.1991365019865
581,347.20712133766074
582,-221.34654768374833
583,-759.4871227561162
584,927.0285552770988
585,-411.1689879419533
586,-518.2486833422372
587,261.55271646917805
588,314.74257497313175
589,-1234.1857946830642
590,-454.83540267840897
591,-197.95775455624894
592,-374.6679555415381
593,-810.7672261652172
594,678.8615866964782
595,-189.48798566959954
596,-530.3726943774875
597,42.05821015073127
598,-718.6610380849866
599,119.22271759745115
600,201.98611744123752
601,-1131.2097752407358
602,-677.2528171871126
603,-345.2626839787088
604,-219.6182522318882
605,-357.74832876770796
606,-8.20504133866558
607,165.87934570572384
608,-686.2381463733127
609,545.8261216956814
610,232.63602657746353
611,323.22745175504167
612,1169.1361320373994
613,695.9372412091225
614,-558.0739690826324
615,-450.2877352090907
616,85.52994683958994
617,-821.6075669465896
618,-1168.7277788002327
619,-487.22119747575357
620,632.4611047203445
621,-380.9564784104346
622,-999.7553149936911
623,-81.21810885784573
624,-261.47564578974436
625,525.3596009657981
626,325.9445854552316
627,628.9996475173557
628,-1524.0730508554293
629,-963.5645253872763
630,721.393383325165
631,-216.16658401874776
632,1280.6928843536743
633,-383.19193060761233
634,-324.7538713541642
635,-752.2926673634706
636,-916.654260467248
637,797.3360145011579
638,993.9422532142828
639,1879.6745068034559
640,1585.6618891924682
641,1.9370389424513519
642,-418.4529790532441
643,-823.7592788122987
644,521.6682096991163
645,221.48970804797855
646,1469.7837359532198
647,369.95715828489284
648,-710.2007210182821
649,-980.972021254921
650,65.65354224356297
651,-1256.862706290565
652,-446.0914234803182
653,545.4689620219875
654,1063.2317003304433
655,-1225.1966720527248
656,432.0180282759296
657,116.67678033416314
658,2073.768436152307
659,343.2199368321425
660,613.9528088269476
661,-475.2039007069959
662,1421.4551101130692
663,1525.4650563307428
664,1302.6588221058341
665,-309.47665541655164
666,313.7581005529282
667,-72.14698031903771
668,774.8641558181054
669,527.9767242818959
670,-153.58504702394896
671,1431.7719126167135
672,1489.8542070289927
673,-1985.2957187722886
674,-182.41956933458363
675,325.9325582515478
676,235.99199421731453
677,1539.8073694302684
678,-415.34603186274705
679,1111.4898321751457
680,-461.82444585621056
681,772.3242525378217
682,383.09188430267244
683,-17.734618961359537
684,-79.4753752448423
685,-105.20298800876895
686,48.88605522832711
687,-1029.7213548563582
688,-329.39867192023667
689,186.84811826969917
690,211.99742533934818
691,177.18466875669372
692,-205.4644371757596
693,-593.3069702992702
694,-241.7842021307468
695,-1199.1513215648822
696,58.45689796423005
697,575.7954055819869
698,-882.2528304308842
699,739.9950741191401
700,-444.55866505439667
701,-78.5589246736223
702,-788.282811519367
703,-738.6073711950053
704,-713.3891735683519
705,-1143.6544127412099
706,258.61111412831303
707,1830.3858371838187
708,-541.4745203376281
709,131.5650290763449
710,354.0208924924176
711,2026.9988448014794
712,236.94955286976992
713,-145.82877443801624
714,403.4351578502031
715,1.395630885647222
716,-674.0603818797476
717,-400.7084293810279
718,512.5357591811601
719,-536.8116118822484
720,208.5139493810907
721,663.0423655744507
722,-448.678996584918
723,911.7520564716633
724,569.3608596348334
725,-538.7544441120328
726,1032.809265372831
727,-477.162065281507
728,-423.0080197893966
729,-727.5309481846069
730,913.3173437099933
731,24.42012953351218
732,-210.12972093754396
733,1044.5016669417664
734,-596.1283190257234
735,566.9090151148868
736,774.2771207592506
737,139.195496064662
738,-712.1507647302801
739,726.8401545142128
740,-1015.9462730643527
741,363.5840165637767
742,-713.5643984098771
743,-742.8664263875394
744,-75.81333667381729
745,-1109.298856758792
746,-43.322849839702926
747,570.9704405763994
748,-754.6100004259177
749,1035.835357481048
750,-199.60786458452907
751,129.64365400844395
752,720.870144380844
753,23.978339592962925
754,1451.3761363816297
755,262.45303404751087
756,563.613295436104
757,-635.023535644652
758,235.16618643801326
759,274.58194095179607
760,484.75404339408726
761,-2382.321065462693
762,-215.57306708279333
763,1272.1070831204688
764,-898.629805670771
765,-1463.3187993523654
766,-364.60201881898155
767,684.0482982954477
768,-142.9361635865907
769,-198.5546758588847
770,230.50122008748963
771,573.5374154807195
772,-735.9662244666124
773,-304.309730968929
774,550.407688961912
775,-725.2981118353686
776,376.6616670787961
777,-369.44401163225155
778,-645.5820789095264
779,230.24488251858497
780,-319.6713760415403
781,-1854.347409967786
782,356.39778150033885
783,183.2664808793158
784,911.628343905576
785,-822.4512685621179
786,541.1165414899068
787,-143.92509139049645
788,-657.360409337741
789,-227.27363765523597
790,-531.4520273598619
791,247.1264913811744
792,-904.1960381291598
793,-609.8055246450589
794,567.9256571951048
795,-680.0185556168713
796,98.20599077783857
797,-971.1520725016851
798,-1718.2618098342014
799,-497.66270598614136
800,-465.2337372040451
801,-182.84370439491266
802,334.84795010242016
803,225.21179131345914
804,445.0790521983646
805,-483.92148862617273
806,1150.2336704954093
807,-304.7586525591955
808,-797.0909089644699
809,-37.70466651044748
810,1050.7879175584244
811,705.5280508671285
812,-668.6499400246196
813,-279.7218407399464
814,-76.73210753386209
815,-197.299449177679
816,-1243.925397266606
817,402.4751419232378
818,450.018627143071
819,-848.6152812827008
820,869.9206456826428
821,648.3710477390837
822,621.6735180414722
823,613.5722819033059
824,1253.192455109158
825,64.7172596293347
826,129.00526029141426
827,-736.4242797714371
828,-687.727123533827
829,-203.76169668462813
830,-252.41340677471237
831,-689.9954999006789
832,32.72551687252147
833,258.05619259772567
834,880.7430116034266
835,1172.4401956814995
836,329.6273281720658
837,-109.53913756682996
838,88.33906280167045
839,1458.6540730074885
840,1228.3181728009472
841,130.96954480170214
842,102.14203568546151
843,-51.433152268023946
844,1583.6458179861615
845,850.8496758576143
846,-126.91422745226602
847,118.24245645520051
848,1061.8130218682863
849,280.907380906867
850,-433.96774547057146
851,-728.0273922723147
852,-22.168893160274195
853,-817.6005583975593
854,-412.32503692238004
855,-998.3513020061388
856,-1181.2785067907782
857,-650.8402739473312
858,-628.7906420945517
859,292.44748987037156
860,425.4850002087959
861,-928.5899318373331
862,-4.550117500952524
863,1978.899054708757
864,155.33527171126772
865,-1996.7794973354776
866,-500.62057711564637
867,329.07376000000113
868,645.2900408155767
869,-702.7872688884019
870,-204.02721347422954
871,-68.43853815431856
872,-181.12833638472915
873,643.4297031039673
874,880.5284599251979
875,-831.1379382069117
876,953.8746197606995
877,-876.6060613263016
878,162.54008441975054
879,1401.9796188253133
880,8.128179235326343
881,813.7558599027388
882,-41.989670446554015
883,-282.55009809650403
884,-160.50745263778495
885,-369.2933476934478
886,-32.65164338761956
887,-568.6018848269352
888,982.8054089501861
889,-239.68650183561783
890,182.8719034334817
891,75.84875828584089
892,689.7260019388573
893,-1792.6714238123905
894,-31.06919744061554
895,-656.4210333348551
896,622.5641850255086
897,-79.42498084195587
898,-691.1923760702913
899,-1168.3106113553733
900,983.7243726677715
901,-163.97735752998503
902,315.20806330664465
903,-14.00514193564203
904,705.5677493006858
905,-376.84361975019004
906,-683.2231031181232
907,-619.4373027712734
908,857.8676952606097
909,-700.6081101473992
910,294.85019862222947
911,985.9354765495575
912,1820.226775783461
913,-809.7409170677296
914,-816.0863521318817
915,532.8723142850909
916,-33.941880709993235
917,1081.3555549724533
918,-264.0944185805346
919,-1249.64793213846
920,474.25017491848223
921,57.781629189401286
922,516.5674235962215
923,-394.21388234067143
924,-769.0347765487803
925,-907.2418382426254
926,-1076.111368007183
927,828.4530857089394
928,174.02551030497875
929,82.0576927439414
930,-697.0372096509706
931,-1422.4164028396463
932,755.6040911905263
933,-44.61144708042286
934,203.96242138340688
935,-543.1725853297484
936,527.2042153058276
937,379.4682794589827
938,1120.1529438051155
939,29.1505399981869
940,-1060.622961274976
941,946.3503617463308
942,-554.6014193144408
943,-255.79940218912697
944,-294.7169763572228
945,205.90548636377594
946,-126.45859555785518
947,2.1817052581578764
948,-141.73927588844612
949,225.7866716933312
950,-188.15730261726983
951,1338.3183618439057
952,-563.0289639394455
953,-1135.3835181342884
954,-1189.661522016926
955,980.6608101471065
956,-178.39861377994933
957,284.27477390554935
958,121.0677907041794
959,-860.8547227402844
960,-1301.9084676409848
961,3.0408857438202688
962,-650.5183741166263
963,-800.9697423507705
964,780.3787717616202
965,84.81470573453842
966,410.41865601856296
967,-276.1931860600993
968,701.6953483352057
969,414.95610980900943
970,-358.06001061732263
971,901.7777717942713
972,60.97601230624548
973,992.8096483005168
974,46.73151710617839
975,830.2166564788058
976,-751.767646987523
977,575.121930382626
978,-848.8513845309253
979,438.29481342631425
980,106.00598461115385
981,269.6447000705152
982,229.40092531942997
983,280.3980150496901
984,-59.55319983786097
985,-38.71702998194354
986,1350.4807853574343
987,-101.78580236269205
988,-344.36208012617993
989,840.7976561126883
990,-730.7204614469285
991,-600.9659298847444
992,-677.814431243255
993,-747.9962827150598
994,-472.6691704571819
995,1082.1819995604492
996,1104.8661055735201
997,-551.8459184800299
998,-1131.5057689960893
999,420.34896836885264
