0,-348.5279099989326
1,1444.4898366591176
2,615.8408945712765
3,-877.4714145125834
4,684.8948342967795
5,-159.43782344689413
6,333.438955739813
7,31.1745971968827
8,346.8285323574729
9,301.51183334159606
10,-438.4003453241888
11,59.42912503318057
12,663.567604579943
13,1040.1062457576534
14,344.0320334793487
15,-157.511152222087
16,608.8355696649892
17,-1143.0542962106754
18,451.80762659138804
19,-932.6565084102604
20,1064.6720015394344
21,-336.0484623562236
22,590.9906911701831
23,1304.3533640281044
24,519.4312288551009
25,108.1314354671535
26,-303.4756951770746
27,-679.4213204739408
28,-551.3302816432295
29,-732.7481166896491
30,27.09037520376512
31,330.70297730464813
32,-1443.6915624653366
33,-914.216572312384
34,-289.49834730746994
35,578.6319432390451
36,362.0685390001659
37,-945.4387546422074
38,-84.79044145024699
39,-396.9681565433234
40,-901.1169813210494
41,90.82139938294762
42,601.3567646189376
43,73.11293504510317
44,847.9003448980416
45,291.41654291177053
46,-326.47233513246965
47,-1024.16449520943
48,-827.6972457327768
49,777.744114268307
50,339.5072654364314
51,1959.175456976312
52,828.7967369833017
53,1284.5768650729824
54,155.72688482370415
55,751.4723176927644
56,-467.28764325786744
57,566.4919572815644
58,-566.5136367066182
59,-414.6234936020152
60,-843.9464967908375
61,269.86684141225527
62,116.17671952780097
63,665.6352592198624
64,-345.250389543211
65,1515.3071404968332
66,532.1494820262014
67,-279.23017968411415
68,-464.5992218009542
69,-700.7822845216951
70,-1047.0769516704825
71,-523.770481218827
72,-158.66793078083606
73,71.39691431709895
74,-436.9850623354692
75,-449.2937005954782
76,-1365.058278622307
77,-1157.389750522329
78,-973.8675764420905
79,88.97828493345146
80,-436.68152251392416
81,-1790.9525682788544
82,-151.42605875277715
83,-1254.9102916481174
84,382.5779215099916
85,-1366.0435199093818
86,-1397.0871108198412
87,-488.50765740371173
88,391.73044859707915
89,14.66150082181997
90,-984.6675893841397
91,-206.3014799797911
92,336.78942962560325
93,1167.2313735321532
94,302.5398758483516
95,-189.0188896442615
96,-777.0133576430937
97,-309.33602410182004
98,35.53750584938183
99,-575.2466256241441
100,-147.27079004171028
101,-398.7719280447801
102,-527.8217160204595
103,-308.71732298527684
104,-358.71863513611305
105,-217.13697638751364
106,115.9329749963118
107,-228.36807033579055
108,-1235.4063929288316
109,-506.3943233596085
110,142.4886328328547
111,735.7462659859107
112,-692.3287038694468
113,1474.0973346056933
114,-29.72466091998814
115,26.737985229392507
116,1259.859427723438
117,-504.06337291257825
118,503.48466396133216
119,-67.01622238112517
120,269.24697777327833
121,-1411.058194808792
122,985.5462670080909
123,-191.85308808441988
124,659.3179467657081
125,249.81396984949612
126,-615.2075475068898
127,-552.8224255313262
128,-1075.2419841168141
129,526.5717599699218
130,975.1967232379702
131,1511.5327027865742
132,-292.0926084138942
133,467.46525862680664
134,-120.00018953512316
135,190.66037503839334
136,1297.2300815945166
137,-78.0966614255959
138,-293.2181415438268
139,1188.6352546469545
140,-229.73831815814327
141,-22.331808708571657
142,65.04815054428059
143,985.7410591451509
144,-907.3504953363868
145,-841.1052506337885
146,403.01060287903897
147,-367.39924709209913
148,-420.58846452787304
149,-322.1016753148235
150,1392.098281108461
151,1058.5909769951345
152,-434.2550482148886
153,14.017931809770005
154,630.215161167484
155,640.8817198259111
156,831.3837640314426
157,-346.7991858186939
158,552.2256973992912
159,-793.0820181516739
160,-153.63498304518728
161,-879.5213159189514
162,110.21512679435682
163,-418.69812216252205
164,698.9452595615112
165,617.5355941376381
166,1319.1033565575033
167,506.1719874500326
168,430.5880830678523
169,-235.54296304452845
170,-315.14928242774187
171,4.787832711115762
172,410.1324971678631
173,177.789384880586
174,281.380548010546
175,-207.36306496817357
176,636.4117643893912
177,-448.35260072366555
178,-259.36717244466615
179,-74.55935271736377
180,-142.65259044480712
181,190.13307686933308
182,-424.644989605888
183,418.6234466078028
184,-416.8777565624668
185,468.8347564436576
186,-193.12887052503817
187,-325.7481954337848
188,-1205.3821313165972
189,-666.9903820556091
190,468.9031201979136
191,339.7215695684835
192,-37.13311845015231
193,-391.76151474920107
194,-1362.3472834276945
195,-99.24799381653611
196,-288.97710201368454
197,347.33361726606756
198,1099.7174993689655
199,-808.8841404913435
200,-113.54380840739745
201,914.0650787630422
202,35.687855428333535
203,-175.5710654555041
204,175.1917411532856
205,-11.690147718127598
206,-167.9219248630919
207,-381.5629767542201
208,1448.9337893712193
209,-591.8187185565666
210,-1034.004654735513
211,1363.25191917465
212,-996.6252571886123
213,74.93615481387462
214,-202.70744706346193
215,173.58734665399533
216,148.02231936066113
217,148.21578762810174
218,-51.90686732808831
219,-487.22398225909564
220,-904.9419036093975
221,-710.8196727214224
222,-1164.0653171267354
223,-210.45210377121157
224,-782.6460928567831
225,47.386980834893336
226,-168.64603351706944
227,180.87530679612019
228,1803.27271910464
229,-122.54123764748158
230,1065.848463966405
231,990.2700399987259
232,-2003.2255607478346
233,-273.066629918939
234,-610.0238415234896
235,-982.0594232002336
236,212.52277918106893
237,-1540.5684182714383
238,500.8847404510501
239,-1131.8827032867646
240,-89.9951593925374
241,322.59632613045835
242,16.856710957278494
243,-556.9995711971678
244,36.29533851801892
245,505.4703264190578
246,161.65260768909263
247,-15.794296524566079
248,-530.3902556126159
249,1178.608555824083
250,-1187.3689422546015
251,2126.312185073589
252,-1172.1515556504785
253,816.0002689776574
254,-504.3306782405667
255,-113.69223659876502
256,-379.7156542305215
257,-93.41974861899729
258,-396.27203145124787
259,88.62509260724079
260,-428.6798586398103
261,165.59278878873286
262,-112.51958910052358
263,1164.424292133666
264,529.9059358491878
265,-36.314229249891014
266,262.17869944047584
267,-1294.0269954461414
268,-1244.2088933943623
269,-315.1900093552211
270,860.3016359412686
271,-593.2365238359394
272,-394.966760941432
273,-1040.487326775879
274,324.5789941246538
275,743.1938036423727
276,33.526665958160365
277,368.83141397692384
278,579.0699392031913
279,1069.116473971471
280,-1211.5277497517438
281,1064.1561130446148
282,538.713672889266
283,-784.0246835367375
284,412.6180279419485
285,502.7607161061585
286,-967.6306690201128
287,-469.7229521735702
288,116.2279677903681
289,-36.81682836626507
290,127.96736334958186
291,-394.7593010290112
292,-1136.0256789308455
293,1358.0929502970703
294,-704.2920557413867
295,1447.854621303032
296,-759.0005023156282
297,352.86521627495426
298,1156.8890919572575
299,-463.18959272267205
300,357.34657568820404
301,585.5218528235297
302,-728.9734454950556
303,-749.5904038166498
304,-308.0429144767829
305,-85.05131365237841
306,159.5646463022754
307,186.48741010797872
308,281.18050988387324
309,278.54250178846945
310,-370.3817272210581
311,973.1773711387343
312,248.30829181422968
313,-342.4040738759743
314,-11.248728797846553
315,-825.0447268586246
316,-53.02513407500069
317,-80.65351602218925
318,-1093.5594803399497
319,36.45010687494437
320,-297.9254497274474
321,977.9576946256541
322,792.1543071141282
323,-599.3112170473871
324,258.44105009796465
325,285.9157284136069
326,541.4340044683511
327,795.3282478726521
328,170.13022505535628
329,-363.77477975870164
330,782.0660352725752
331,-770.2552830956253
332,23.823806066622502
333,-216.0776134113617
334,-954.2708184398163
335,-498.55883286879316
336,293.41674830361643
337,1050.8377176103356
338,-972.3668493263422
339,973.7723478961533
340,-85.20980380227235
341,890.5948240897521
342,690.8593152487682
343,-1907.520043772525
344,152.2155102978087
345,686.860753934966
346,-815.001753725121
347,-261.42461674556944
348,-330.9860111910277
349,-601.5859721166898
350,417.0388817206776
351,-496.9779912690225
352,492.4981168459425
353,-1123.1042075252694
354,1312.6472340498865
355,617.9826701271811
356,222.01074958606705
357,336.53477431879776
358,-410.7155625379476
359,-276.3435073509551
360,-937.4071200073047
361,252.59768509238393
362,378.66199742441415
363,-949.2936055758132
364,609.6177090126583
365,-1272.940500014205
366,-70.10259656324854
367,467.06781984853916
368,540.3675328074114
369,-902.4216527439625
370,881.2867774997972
371,-522.7061177697889
372,-2.538608834120396
373,449.4161372926206
374,-140.8740047833791
375,844.7563972581584
376,293.844664035867
377,-889.2929968584015
378,-1470.9717975005449
379,-999.5961847712291
380,289.7053061217943
381,378.14115176464634
382,752.8148111996119
383,-695.5286312941996
384,-81.4944041660201
385,-960.9706908233125
386,-205.26280162317858
387,-158.48011956579808
388,778.2423823268382
389,289.34864511326435
390,-1010.3950249670809
391,-607.6414504104647
392,-37.96636120695891
393,40.918932824012515
394,939.7890606905837
395,-298.4883120697465
396,-356.93594805730964
397,1439.4965178637158
398,-524.2420474278722
399,915.3731039505565
400,-110.80638061681174
401,531.8394235420611
402,-76.78106493818171
403,902.5192172698466
404,165.7053097420213
405,-331.86475304696353
406,-813.4579956471716
407,306.82271883375955
408,824.8170666917574
409,-79.05309945372987
410,102.89973747374566
411,405.7178695220515
412,-701.5328813404201
413,-527.0126591029572
414,-104.48933275312405
415,-287.89524624420244
416,-792.0986705563148
417,210.67231272235824
418,-867.3075849245697
419,-362.93320030017753
420,490.07349805163284
421,1733.452140634959
422,-242.58365275230634
423,18.86728893848408
424,-1133.678416460185
425,-484.09032648620115
426,-281.79445875775934
427,-1497.272969482758
428,-656.9113618055264
429,-783.2885834747207
430,98.72383856081623
431,-1020.8019754739256
432,20.24321923909423
433,339.68141881271066
434,1470.7490289375205
435,-242.6154800863389
436,-1015.3456637704103
437,-103.10957609064747
438,-770.650576722727
439,604.3261112645321
440,-1327.6445306269325
441,-432.3100098149722
442,1074.0939833280859
443,-71.0845521166957
444,-363.62496104961747
445,-27.06096817759729
446,323.05146181726906
447,682.2151961823228
